1 program 12 -1
2 Lang 18 1
3 var 16 -1
4 ( 21 -1
5 a 18 2
6 : 29 -1
7 integer 9 -1
8 ; 30 -1
9 b 18 3
10 : 29 -1
11 integer 9 -1
12 ; 30 -1
13 boo 18 4
14 : 29 -1
15 bool 3 -1
16 ; 30 -1
17 r 18 5
18 : 29 -1
19 real 13 -1
20 ; 30 -1
21 ) 22 -1
22 begin 2 -1
23 a 18 1
24 := 31 -1
25 5 19 6
26 + 23 -1
27 10 19 7
28 ; 30 -1
29 b 18 2
30 := 31 -1
31 ( 21 -1
32 a 18 1
33 + 23 -1
34 10 19 6
35 ) 22 -1
36 * 25 -1
37 6 19 8
38 - 24 -1
39 3.15 20 9
40 + 23 -1
41 4 19 10
42 * 25 -1
43 ( 21 -1
44 7 19 11
45 / 26 -1
46 8 19 12
47 ) 22 -1
48 ; 30 -1
49 c 18 13
50 := 31 -1
51 a 18 1
52 / 26 -1
53 b 18 2
54 ; 30 -1
55 boo 18 3
56 := 31 -1
57 true 15 -1
58 and 1 -1
59 false 7 -1
60 ; 30 -1
61 r 18 4
62 := 31 -1
63 10.14 20 14
64 ; 30 -1
65 if 8 -1
66 true 15 -1
67 then 14 -1
68 a 18 1
69 := 31 -1
70 a 18 1
71 + 23 -1
72 1 19 15
73 ; 30 -1
74 ; 30 -1
75 if 8 -1
76 b 18 2
77 >= 37 -1
78 a 18 1
79 then 14 -1
80 b 18 2
81 := 31 -1
82 b 18 2
83 * 25 -1
84 b 18 2
85 ; 30 -1
86 else 5 -1
87 while 17 -1
88 ( 21 -1
89 b 18 2
90 < 34 -1
91 a 18 1
92 ) 22 -1
93 do 4 -1
94 b 18 2
95 := 31 -1
96 b 18 2
97 + 23 -1
98 b 18 2
99 ; 30 -1
100 ; 30 -1
101 ; 30 -1
102 while 17 -1
103 ( 21 -1
104 a 18 1
105 <> 35 -1
106 b 18 2
107 ) 22 -1
108 or 11 -1
109 ( 21 -1
110 boo 18 3
111 ) 22 -1
112 do 4 -1
113 boo 18 3
114 := 31 -1
115 not 10 -1
116 boo 18 3
117 ; 30 -1
118 ; 30 -1
119 r 18 4
120 := 31 -1
121 r 18 4
122 + 23 -1
123 10.0 20 16
124 ; 30 -1
125 a 18 1
126 := 31 -1
127 a 18 1
128 + 23 -1
129 b 18 2
130 ; 30 -1
131 begin 2 -1
132 if 8 -1
133 b 18 2
134 >= 37 -1
135 a 18 1
136 then 14 -1
137 b 18 2
138 := 31 -1
139 b 18 2
140 * 25 -1
141 b 18 2
142 ; 30 -1
143 else 5 -1
144 while 17 -1
145 ( 21 -1
146 b 18 2
147 < 34 -1
148 a 18 1
149 ) 22 -1
150 do 4 -1
151 b 18 2
152 := 31 -1
153 b 18 2
154 + 23 -1
155 b 18 2
156 ; 30 -1
157 ; 30 -1
158 ; 30 -1
159 end 6 -1
160 ; 30 -1
161 end 6 -1
